22.63468567625671,[-3.24106489  0.09558736  4.13198922  5.0663548   8.4029325   2.35659839
  0.27682368 14.99360004  7.703643    2.07966659  0.46480476  3.92095302
 -1.49030414  2.21241307  0.55856359  2.63551928  3.37138648  1.10842996],
22.634685610949944,[-3.24106488  0.09558736  4.13198922  5.0663548   8.4029325   2.35659839
  0.27682368 14.99360004  7.703643    2.07966659  0.46480476  3.92095302
 -1.49030414  2.21241307  0.55856359  2.63551928  3.37138648  1.10842996],
22.634685621559345,[-3.24106489  0.09558737  4.13198922  5.0663548   8.4029325   2.35659839
  0.27682368 14.99360004  7.703643    2.07966659  0.46480476  3.92095302
 -1.49030414  2.21241307  0.55856359  2.63551928  3.37138648  1.10842996],
22.63468568082618,[-3.24106489  0.09558736  4.13198923  5.0663548   8.4029325   2.35659839
  0.27682368 14.99360004  7.703643    2.07966659  0.46480476  3.92095302
 -1.49030414  2.21241307  0.55856359  2.63551928  3.37138648  1.10842996],
22.634685706836386,[-3.24106489  0.09558736  4.13198922  5.06635481  8.4029325   2.35659839
  0.27682368 14.99360004  7.703643    2.07966659  0.46480476  3.92095302
 -1.49030414  2.21241307  0.55856359  2.63551928  3.37138648  1.10842996],
22.63468572258917,[-3.24106489  0.09558736  4.13198922  5.0663548   8.40293251  2.35659839
  0.27682368 14.99360004  7.703643    2.07966659  0.46480476  3.92095302
 -1.49030414  2.21241307  0.55856359  2.63551928  3.37138648  1.10842996],
22.6346856384243,[-3.24106489  0.09558736  4.13198922  5.0663548   8.4029325   2.3565984
  0.27682368 14.99360004  7.703643    2.07966659  0.46480476  3.92095302
 -1.49030414  2.21241307  0.55856359  2.63551928  3.37138648  1.10842996],
22.634685651150992,[-3.24106489  0.09558736  4.13198922  5.0663548   8.4029325   2.35659839
  0.27682369 14.99360004  7.703643    2.07966659  0.46480476  3.92095302
 -1.49030414  2.21241307  0.55856359  2.63551928  3.37138648  1.10842996],
22.634685694774447,[-3.24106489  0.09558736  4.13198922  5.0663548   8.4029325   2.35659839
  0.27682368 14.99360005  7.703643    2.07966659  0.46480476  3.92095302
 -1.49030414  2.21241307  0.55856359  2.63551928  3.37138648  1.10842996],
22.634685737041742,[-3.24106489  0.09558736  4.13198922  5.0663548   8.4029325   2.35659839
  0.27682368 14.99360004  7.70364301  2.07966659  0.46480476  3.92095302
 -1.49030414  2.21241307  0.55856359  2.63551928  3.37138648  1.10842996],
22.634685704626612,[-3.24106489  0.09558736  4.13198922  5.0663548   8.4029325   2.35659839
  0.27682368 14.99360004  7.703643    2.0796666   0.46480476  3.92095302
 -1.49030414  2.21241307  0.55856359  2.63551928  3.37138648  1.10842996],
22.63468558854224,[-3.24106489  0.09558736  4.13198922  5.0663548   8.4029325   2.35659839
  0.27682368 14.99360004  7.703643    2.07966659  0.46480477  3.92095302
 -1.49030414  2.21241307  0.55856359  2.63551928  3.37138648  1.10842996],
22.634685494993203,[-3.24106489  0.09558736  4.13198922  5.0663548   8.4029325   2.35659839
  0.27682368 14.99360004  7.703643    2.07966659  0.46480476  3.92095303
 -1.49030414  2.21241307  0.55856359  2.63551928  3.37138648  1.10842996],
22.634685645018884,[-3.24106489  0.09558736  4.13198922  5.0663548   8.4029325   2.35659839
  0.27682368 14.99360004  7.703643    2.07966659  0.46480476  3.92095302
 -1.49030413  2.21241307  0.55856359  2.63551928  3.37138648  1.10842996],
22.634685716846253,[-3.24106489  0.09558736  4.13198922  5.0663548   8.4029325   2.35659839
  0.27682368 14.99360004  7.703643    2.07966659  0.46480476  3.92095302
 -1.49030414  2.21241308  0.55856359  2.63551928  3.37138648  1.10842996],
22.63468567998029,[-3.24106489  0.09558736  4.13198922  5.0663548   8.4029325   2.35659839
  0.27682368 14.99360004  7.703643    2.07966659  0.46480476  3.92095302
 -1.49030414  2.21241307  0.5585636   2.63551928  3.37138648  1.10842996],
22.634685682694425,[-3.24106489  0.09558736  4.13198922  5.0663548   8.4029325   2.35659839
  0.27682368 14.99360004  7.703643    2.07966659  0.46480476  3.92095302
 -1.49030414  2.21241307  0.55856359  2.63551929  3.37138648  1.10842996],
22.634685657486997,[-3.24106489  0.09558736  4.13198922  5.0663548   8.4029325   2.35659839
  0.27682368 14.99360004  7.703643    2.07966659  0.46480476  3.92095302
 -1.49030414  2.21241307  0.55856359  2.63551928  3.37138649  1.10842996],
22.634685638298112,[-3.24106489  0.09558736  4.13198922  5.0663548   8.4029325   2.35659839
  0.27682368 14.99360004  7.703643    2.07966659  0.46480476  3.92095302
 -1.49030414  2.21241307  0.55856359  2.63551928  3.37138648  1.10842997],
22.63468567625671,[-3.24106489  0.09558736  4.13198922  5.0663548   8.4029325   2.35659839
  0.27682368 14.99360004  7.703643    2.07966659  0.46480476  3.92095302
 -1.49030414  2.21241307  0.55856359  2.63551928  3.37138648  1.10842996],
80.01384765777755,[-2.97677207  0.31694453  4.11349682  4.94260056  8.21542762  2.50970402
  0.37842511 14.91865979  7.45764937  1.96485518  0.8197803   4.65451628
 -1.36388641  2.04814946  0.54349446  2.6094662   3.44734645  1.26204627],
80.01384765777755,[-2.97677207  0.31694453  4.11349682  4.94260056  8.21542762  2.50970402
  0.37842511 14.91865979  7.45764937  1.96485518  0.8197803   4.65451628
 -1.36388641  2.04814946  0.54349446  2.6094662   3.44734645  1.26204627],
80.01384793738269,[-2.97677206  0.31694453  4.11349682  4.94260056  8.21542762  2.50970402
  0.37842511 14.91865979  7.45764937  1.96485518  0.8197803   4.65451628
 -1.36388641  2.04814946  0.54349446  2.6094662   3.44734645  1.26204627],
80.01384775247945,[-2.97677207  0.31694454  4.11349682  4.94260056  8.21542762  2.50970402
  0.37842511 14.91865979  7.45764937  1.96485518  0.8197803   4.65451628
 -1.36388641  2.04814946  0.54349446  2.6094662   3.44734645  1.26204627],
80.01384753789961,[-2.97677207  0.31694453  4.11349684  4.94260056  8.21542762  2.50970402
  0.37842511 14.91865979  7.45764937  1.96485518  0.8197803   4.65451628
 -1.36388641  2.04814946  0.54349446  2.6094662   3.44734645  1.26204627],
80.01384752752415,[-2.97677207  0.31694453  4.11349682  4.94260057  8.21542762  2.50970402
  0.37842511 14.91865979  7.45764937  1.96485518  0.8197803   4.65451628
 -1.36388641  2.04814946  0.54349446  2.6094662   3.44734645  1.26204627],
80.0138475118414,[-2.97677207  0.31694453  4.11349682  4.94260056  8.21542763  2.50970402
  0.37842511 14.91865979  7.45764937  1.96485518  0.8197803   4.65451628
 -1.36388641  2.04814946  0.54349446  2.6094662   3.44734645  1.26204627],
80.01384795245758,[-2.97677207  0.31694453  4.11349682  4.94260056  8.21542762  2.50970404
  0.37842511 14.91865979  7.45764937  1.96485518  0.8197803   4.65451628
 -1.36388641  2.04814946  0.54349446  2.6094662   3.44734645  1.26204627],
80.01384770442117,[-2.97677207  0.31694453  4.11349682  4.94260056  8.21542762  2.50970402
  0.37842512 14.91865979  7.45764937  1.96485518  0.8197803   4.65451628
 -1.36388641  2.04814946  0.54349446  2.6094662   3.44734645  1.26204627],
80.01384719909453,[-2.97677207  0.31694453  4.11349682  4.94260056  8.21542762  2.50970402
  0.37842511 14.9186598   7.45764937  1.96485518  0.8197803   4.65451628
 -1.36388641  2.04814946  0.54349446  2.6094662   3.44734645  1.26204627],
80.01384717263903,[-2.97677207  0.31694453  4.11349682  4.94260056  8.21542762  2.50970402
  0.37842511 14.91865979  7.45764939  1.96485518  0.8197803   4.65451628
 -1.36388641  2.04814946  0.54349446  2.6094662   3.44734645  1.26204627],
80.01384752673687,[-2.97677207  0.31694453  4.11349682  4.94260056  8.21542762  2.50970402
  0.37842511 14.91865979  7.45764937  1.96485519  0.8197803   4.65451628
 -1.36388641  2.04814946  0.54349446  2.6094662   3.44734645  1.26204627],
80.01384858347568,[-2.97677207  0.31694453  4.11349682  4.94260056  8.21542762  2.50970402
  0.37842511 14.91865979  7.45764937  1.96485518  0.81978032  4.65451628
 -1.36388641  2.04814946  0.54349446  2.6094662   3.44734645  1.26204627],
80.01384881991946,[-2.97677207  0.31694453  4.11349682  4.94260056  8.21542762  2.50970402
  0.37842511 14.91865979  7.45764937  1.96485518  0.8197803   4.65451629
 -1.36388641  2.04814946  0.54349446  2.6094662   3.44734645  1.26204627],
80.01384797044582,[-2.97677207  0.31694453  4.11349682  4.94260056  8.21542762  2.50970402
  0.37842511 14.91865979  7.45764937  1.96485518  0.8197803   4.65451628
 -1.3638864   2.04814946  0.54349446  2.6094662   3.44734645  1.26204627],
80.01384718589323,[-2.97677207  0.31694453  4.11349682  4.94260056  8.21542762  2.50970402
  0.37842511 14.91865979  7.45764937  1.96485518  0.8197803   4.65451628
 -1.36388641  2.04814947  0.54349446  2.6094662   3.44734645  1.26204627],
80.01384690846749,[-2.97677207  0.31694453  4.11349682  4.94260056  8.21542762  2.50970402
  0.37842511 14.91865979  7.45764937  1.96485518  0.8197803   4.65451628
 -1.36388641  2.04814946  0.54349448  2.6094662   3.44734645  1.26204627],
80.0138473611848,[-2.97677207  0.31694453  4.11349682  4.94260056  8.21542762  2.50970402
  0.37842511 14.91865979  7.45764937  1.96485518  0.8197803   4.65451628
 -1.36388641  2.04814946  0.54349446  2.60946622  3.44734645  1.26204627],
80.0138484950528,[-2.97677207  0.31694453  4.11349682  4.94260056  8.21542762  2.50970402
  0.37842511 14.91865979  7.45764937  1.96485518  0.8197803   4.65451628
 -1.36388641  2.04814946  0.54349446  2.6094662   3.44734646  1.26204627],
80.01384885937493,[-2.97677207  0.31694453  4.11349682  4.94260056  8.21542762  2.50970402
  0.37842511 14.91865979  7.45764937  1.96485518  0.8197803   4.65451628
 -1.36388641  2.04814946  0.54349446  2.6094662   3.44734645  1.26204629],
21.70186132864234,[-3.21180523  0.12009365  4.12994194  5.05265406  8.38217397  2.3735486
  0.2880719  14.98530346  7.67640923  2.0669559   0.50410384  4.00216527
 -1.47630853  2.19422757  0.5568953   2.63263496  3.37979595  1.12543671],
21.70186132864234,[-3.21180523  0.12009365  4.12994194  5.05265406  8.38217397  2.3735486
  0.2880719  14.98530346  7.67640923  2.0669559   0.50410384  4.00216527
 -1.47630853  2.19422757  0.5568953   2.63263496  3.37979595  1.12543671],
21.701861301967018,[-3.21180521  0.12009365  4.12994194  5.05265406  8.38217397  2.3735486
  0.2880719  14.98530346  7.67640923  2.0669559   0.50410384  4.00216527
 -1.47630853  2.19422757  0.5568953   2.63263496  3.37979595  1.12543671],
21.70186129027879,[-3.21180523  0.12009366  4.12994194  5.05265406  8.38217397  2.3735486
  0.2880719  14.98530346  7.67640923  2.0669559   0.50410384  4.00216527
 -1.47630853  2.19422757  0.5568953   2.63263496  3.37979595  1.12543671],
21.701861320629696,[-3.21180523  0.12009365  4.12994196  5.05265406  8.38217397  2.3735486
  0.2880719  14.98530346  7.67640923  2.0669559   0.50410384  4.00216527
 -1.47630853  2.19422757  0.5568953   2.63263496  3.37979595  1.12543671],
21.70186134302815,[-3.21180523  0.12009365  4.12994194  5.05265407  8.38217397  2.3735486
  0.2880719  14.98530346  7.67640923  2.0669559   0.50410384  4.00216527
 -1.47630853  2.19422757  0.5568953   2.63263496  3.37979595  1.12543671],
21.701861355980302,[-3.21180523  0.12009365  4.12994194  5.05265406  8.38217399  2.3735486
  0.2880719  14.98530346  7.67640923  2.0669559   0.50410384  4.00216527
 -1.47630853  2.19422757  0.5568953   2.63263496  3.37979595  1.12543671],
21.70186132882673,[-3.21180523  0.12009365  4.12994194  5.05265406  8.38217397  2.37354862
  0.2880719  14.98530346  7.67640923  2.0669559   0.50410384  4.00216527
 -1.47630853  2.19422757  0.5568953   2.63263496  3.37979595  1.12543671],
21.701861310310864,[-3.21180523  0.12009365  4.12994194  5.05265406  8.38217397  2.3735486
  0.28807191 14.98530346  7.67640923  2.0669559   0.50410384  4.00216527
 -1.47630853  2.19422757  0.5568953   2.63263496  3.37979595  1.12543671],
21.70186129316968,[-3.21180523  0.12009365  4.12994194  5.05265406  8.38217397  2.3735486
  0.2880719  14.98530347  7.67640923  2.0669559   0.50410384  4.00216527
 -1.47630853  2.19422757  0.5568953   2.63263496  3.37979595  1.12543671],
21.701861334291966,[-3.21180523  0.12009365  4.12994194  5.05265406  8.38217397  2.3735486
  0.2880719  14.98530346  7.67640924  2.0669559   0.50410384  4.00216527
 -1.47630853  2.19422757  0.5568953   2.63263496  3.37979595  1.12543671],
21.701861341438818,[-3.21180523  0.12009365  4.12994194  5.05265406  8.38217397  2.3735486
  0.2880719  14.98530346  7.67640923  2.06695592  0.50410384  4.00216527
 -1.47630853  2.19422757  0.5568953   2.63263496  3.37979595  1.12543671],
21.70186136262135,[-3.21180523  0.12009365  4.12994194  5.05265406  8.38217397  2.3735486
  0.2880719  14.98530346  7.67640923  2.0669559   0.50410386  4.00216527
 -1.47630853  2.19422757  0.5568953   2.63263496  3.37979595  1.12543671],
21.701861306447206,[-3.21180523  0.12009365  4.12994194  5.05265406  8.38217397  2.3735486
  0.2880719  14.98530346  7.67640923  2.0669559   0.50410384  4.00216528
 -1.47630853  2.19422757  0.5568953   2.63263496  3.37979595  1.12543671],
21.7018613375611,[-3.21180523  0.12009365  4.12994194  5.05265406  8.38217397  2.3735486
  0.2880719  14.98530346  7.67640923  2.0669559   0.50410384  4.00216527
 -1.47630851  2.19422757  0.5568953   2.63263496  3.37979595  1.12543671],
21.701861311467127,[-3.21180523  0.12009365  4.12994194  5.05265406  8.38217397  2.3735486
  0.2880719  14.98530346  7.67640923  2.0669559   0.50410384  4.00216527
 -1.47630853  2.19422758  0.5568953   2.63263496  3.37979595  1.12543671],
21.701861252432913,[-3.21180523  0.12009365  4.12994194  5.05265406  8.38217397  2.3735486
  0.2880719  14.98530346  7.67640923  2.0669559   0.50410384  4.00216527
 -1.47630853  2.19422757  0.55689531  2.63263496  3.37979595  1.12543671],
21.701861302026103,[-3.21180523  0.12009365  4.12994194  5.05265406  8.38217397  2.3735486
  0.2880719  14.98530346  7.67640923  2.0669559   0.50410384  4.00216527
 -1.47630853  2.19422757  0.5568953   2.63263498  3.37979595  1.12543671],
21.70186141100996,[-3.21180523  0.12009365  4.12994194  5.05265406  8.38217397  2.3735486
  0.2880719  14.98530346  7.67640923  2.0669559   0.50410384  4.00216527
 -1.47630853  2.19422757  0.5568953   2.63263496  3.37979597  1.12543671],
21.70186143893865,[-3.21180523  0.12009365  4.12994194  5.05265406  8.38217397  2.3735486
  0.2880719  14.98530346  7.67640923  2.0669559   0.50410384  4.00216527
 -1.47630853  2.19422757  0.5568953   2.63263496  3.37979595  1.12543672],
21.08034393171988,[-3.15911554  0.17809836  4.1348105   5.02634108  8.33750729  2.39052997
  0.31532166 15.0076325   7.64397632  2.04302047  0.51441983  4.10351264
 -1.46987891  2.19071092  0.62120496  2.65276762  3.31697042  1.04711924],
21.08034393171988,[-3.15911554  0.17809836  4.1348105   5.02634108  8.33750729  2.39052997
  0.31532166 15.0076325   7.64397632  2.04302047  0.51441983  4.10351264
 -1.46987891  2.19071092  0.62120496  2.65276762  3.31697042  1.04711924],
21.080343923422227,[-3.15911552  0.17809836  4.1348105   5.02634108  8.33750729  2.39052997
  0.31532166 15.0076325   7.64397632  2.04302047  0.51441983  4.10351264
 -1.46987891  2.19071092  0.62120496  2.65276762  3.31697042  1.04711924],
21.080343894683594,[-3.15911554  0.17809837  4.1348105   5.02634108  8.33750729  2.39052997
  0.31532166 15.0076325   7.64397632  2.04302047  0.51441983  4.10351264
 -1.46987891  2.19071092  0.62120496  2.65276762  3.31697042  1.04711924],
21.080343919693732,[-3.15911554  0.17809836  4.13481051  5.02634108  8.33750729  2.39052997
  0.31532166 15.0076325   7.64397632  2.04302047  0.51441983  4.10351264
 -1.46987891  2.19071092  0.62120496  2.65276762  3.31697042  1.04711924],
21.080343939535137,[-3.15911554  0.17809836  4.1348105   5.02634109  8.33750729  2.39052997
  0.31532166 15.0076325   7.64397632  2.04302047  0.51441983  4.10351264
 -1.46987891  2.19071092  0.62120496  2.65276762  3.31697042  1.04711924],
21.080343952282842,[-3.15911554  0.17809836  4.1348105   5.02634108  8.3375073   2.39052997
  0.31532166 15.0076325   7.64397632  2.04302047  0.51441983  4.10351264
 -1.46987891  2.19071092  0.62120496  2.65276762  3.31697042  1.04711924],
21.08034394867518,[-3.15911554  0.17809836  4.1348105   5.02634108  8.33750729  2.39052998
  0.31532166 15.0076325   7.64397632  2.04302047  0.51441983  4.10351264
 -1.46987891  2.19071092  0.62120496  2.65276762  3.31697042  1.04711924],
21.080343940518944,[-3.15911554  0.17809836  4.1348105   5.02634108  8.33750729  2.39052997
  0.31532168 15.0076325   7.64397632  2.04302047  0.51441983  4.10351264
 -1.46987891  2.19071092  0.62120496  2.65276762  3.31697042  1.04711924],
21.080343888001348,[-3.15911554  0.17809836  4.1348105   5.02634108  8.33750729  2.39052997
  0.31532166 15.00763252  7.64397632  2.04302047  0.51441983  4.10351264
 -1.46987891  2.19071092  0.62120496  2.65276762  3.31697042  1.04711924],
21.080343915377547,[-3.15911554  0.17809836  4.1348105   5.02634108  8.33750729  2.39052997
  0.31532166 15.0076325   7.64397633  2.04302047  0.51441983  4.10351264
 -1.46987891  2.19071092  0.62120496  2.65276762  3.31697042  1.04711924],
21.0803439360225,[-3.15911554  0.17809836  4.1348105   5.02634108  8.33750729  2.39052997
  0.31532166 15.0076325   7.64397632  2.04302049  0.51441983  4.10351264
 -1.46987891  2.19071092  0.62120496  2.65276762  3.31697042  1.04711924],
21.08034398801505,[-3.15911554  0.17809836  4.1348105   5.02634108  8.33750729  2.39052997
  0.31532166 15.0076325   7.64397632  2.04302047  0.51441984  4.10351264
 -1.46987891  2.19071092  0.62120496  2.65276762  3.31697042  1.04711924],
21.08034396344639,[-3.15911554  0.17809836  4.1348105   5.02634108  8.33750729  2.39052997
  0.31532166 15.0076325   7.64397632  2.04302047  0.51441983  4.10351266
 -1.46987891  2.19071092  0.62120496  2.65276762  3.31697042  1.04711924],
21.080343874202526,[-3.15911554  0.17809836  4.1348105   5.02634108  8.33750729  2.39052997
  0.31532166 15.0076325   7.64397632  2.04302047  0.51441983  4.10351264
 -1.4698789   2.19071092  0.62120496  2.65276762  3.31697042  1.04711924],
21.08034401233687,[-3.15911554  0.17809836  4.1348105   5.02634108  8.33750729  2.39052997
  0.31532166 15.0076325   7.64397632  2.04302047  0.51441983  4.10351264
 -1.46987891  2.19071093  0.62120496  2.65276762  3.31697042  1.04711924],
21.08034391515895,[-3.15911554  0.17809836  4.1348105   5.02634108  8.33750729  2.39052997
  0.31532166 15.0076325   7.64397632  2.04302047  0.51441983  4.10351264
 -1.46987891  2.19071092  0.62120497  2.65276762  3.31697042  1.04711924],
21.080343926660035,[-3.15911554  0.17809836  4.1348105   5.02634108  8.33750729  2.39052997
  0.31532166 15.0076325   7.64397632  2.04302047  0.51441983  4.10351264
 -1.46987891  2.19071092  0.62120496  2.65276763  3.31697042  1.04711924],
21.080343875603194,[-3.15911554  0.17809836  4.1348105   5.02634108  8.33750729  2.39052997
  0.31532166 15.0076325   7.64397632  2.04302047  0.51441983  4.10351264
 -1.46987891  2.19071092  0.62120496  2.65276762  3.31697044  1.04711924],
21.08034382913887,[-3.15911554  0.17809836  4.1348105   5.02634108  8.33750729  2.39052997
  0.31532166 15.0076325   7.64397632  2.04302047  0.51441983  4.10351264
 -1.46987891  2.19071092  0.62120496  2.65276762  3.31697042  1.04711925],
20.820520353480866,[-3.06105552  0.31618008  4.15602998  4.9734057   8.2397695   2.40093646
  0.35189993 15.09260165  7.60677893  1.99789877  0.47107321  4.24063336
 -1.39689525  2.09770864  0.74783788  2.69227642  3.27132928  1.02545604],
20.820520353480866,[-3.06105552  0.31618008  4.15602998  4.9734057   8.2397695   2.40093646
  0.35189993 15.09260165  7.60677893  1.99789877  0.47107321  4.24063336
 -1.39689525  2.09770864  0.74783788  2.69227642  3.27132928  1.02545604],
20.820520390296043,[-3.06105551  0.31618008  4.15602998  4.9734057   8.2397695   2.40093646
  0.35189993 15.09260165  7.60677893  1.99789877  0.47107321  4.24063336
 -1.39689525  2.09770864  0.74783788  2.69227642  3.27132928  1.02545604],
20.820520348161427,[-3.06105552  0.31618009  4.15602998  4.9734057   8.2397695   2.40093646
  0.35189993 15.09260165  7.60677893  1.99789877  0.47107321  4.24063336
 -1.39689525  2.09770864  0.74783788  2.69227642  3.27132928  1.02545604],
20.820520338202297,[-3.06105552  0.31618008  4.15602999  4.9734057   8.2397695   2.40093646
  0.35189993 15.09260165  7.60677893  1.99789877  0.47107321  4.24063336
 -1.39689525  2.09770864  0.74783788  2.69227642  3.27132928  1.02545604],
20.82052034378085,[-3.06105552  0.31618008  4.15602998  4.97340572  8.2397695   2.40093646
  0.35189993 15.09260165  7.60677893  1.99789877  0.47107321  4.24063336
 -1.39689525  2.09770864  0.74783788  2.69227642  3.27132928  1.02545604],
20.820520339697694,[-3.06105552  0.31618008  4.15602998  4.9734057   8.23976952  2.40093646
  0.35189993 15.09260165  7.60677893  1.99789877  0.47107321  4.24063336
 -1.39689525  2.09770864  0.74783788  2.69227642  3.27132928  1.02545604],
20.82052038741484,[-3.06105552  0.31618008  4.15602998  4.9734057   8.2397695   2.40093647
  0.35189993 15.09260165  7.60677893  1.99789877  0.47107321  4.24063336
 -1.39689525  2.09770864  0.74783788  2.69227642  3.27132928  1.02545604],
20.82052039105711,[-3.06105552  0.31618008  4.15602998  4.9734057   8.2397695   2.40093646
  0.35189994 15.09260165  7.60677893  1.99789877  0.47107321  4.24063336
 -1.39689525  2.09770864  0.74783788  2.69227642  3.27132928  1.02545604],
20.820520291602243,[-3.06105552  0.31618008  4.15602998  4.9734057   8.2397695   2.40093646
  0.35189993 15.09260167  7.60677893  1.99789877  0.47107321  4.24063336
 -1.39689525  2.09770864  0.74783788  2.69227642  3.27132928  1.02545604],
20.82052031474072,[-3.06105552  0.31618008  4.15602998  4.9734057   8.2397695   2.40093646
  0.35189993 15.09260165  7.60677895  1.99789877  0.47107321  4.24063336
 -1.39689525  2.09770864  0.74783788  2.69227642  3.27132928  1.02545604],
20.820520339580465,[-3.06105552  0.31618008  4.15602998  4.9734057   8.2397695   2.40093646
  0.35189993 15.09260165  7.60677893  1.99789878  0.47107321  4.24063336
 -1.39689525  2.09770864  0.74783788  2.69227642  3.27132928  1.02545604],
20.820520432503173,[-3.06105552  0.31618008  4.15602998  4.9734057   8.2397695   2.40093646
  0.35189993 15.09260165  7.60677893  1.99789877  0.47107322  4.24063336
 -1.39689525  2.09770864  0.74783788  2.69227642  3.27132928  1.02545604],
20.820520463568965,[-3.06105552  0.31618008  4.15602998  4.9734057   8.2397695   2.40093646
  0.35189993 15.09260165  7.60677893  1.99789877  0.47107321  4.24063338
 -1.39689525  2.09770864  0.74783788  2.69227642  3.27132928  1.02545604],
20.820520328417263,[-3.06105552  0.31618008  4.15602998  4.9734057   8.2397695   2.40093646
  0.35189993 15.09260165  7.60677893  1.99789877  0.47107321  4.24063336
 -1.39689523  2.09770864  0.74783788  2.69227642  3.27132928  1.02545604],
20.82052040757509,[-3.06105552  0.31618008  4.15602998  4.9734057   8.2397695   2.40093646
  0.35189993 15.09260165  7.60677893  1.99789877  0.47107321  4.24063336
 -1.39689525  2.09770866  0.74783788  2.69227642  3.27132928  1.02545604],
20.820520341919476,[-3.06105552  0.31618008  4.15602998  4.9734057   8.2397695   2.40093646
  0.35189993 15.09260165  7.60677893  1.99789877  0.47107321  4.24063336
 -1.39689525  2.09770864  0.7478379   2.69227642  3.27132928  1.02545604],
20.82052034294911,[-3.06105552  0.31618008  4.15602998  4.9734057   8.2397695   2.40093646
  0.35189993 15.09260165  7.60677893  1.99789877  0.47107321  4.24063336
 -1.39689525  2.09770864  0.74783788  2.69227643  3.27132928  1.02545604],
20.820520287874093,[-3.06105552  0.31618008  4.15602998  4.9734057   8.2397695   2.40093646
  0.35189993 15.09260165  7.60677893  1.99789877  0.47107321  4.24063336
 -1.39689525  2.09770864  0.74783788  2.69227642  3.27132929  1.02545604],
20.820520261696018,[-3.06105552  0.31618008  4.15602998  4.9734057   8.2397695   2.40093646
  0.35189993 15.09260165  7.60677893  1.99789877  0.47107321  4.24063336
 -1.39689525  2.09770864  0.74783788  2.69227642  3.27132928  1.02545605],
20.685591346740008,[-3.09731383  0.26512349  4.14818394  4.99297889  8.27590866  2.39708859
  0.33837489 15.06118378  7.6205329   2.0145828   0.48710089  4.18993211
 -1.42388142  2.13209682  0.70101456  2.67766779  3.28820538  1.03346614],
20.685591346740008,[-3.09731383  0.26512349  4.14818394  4.99297889  8.27590866  2.39708859
  0.33837489 15.06118378  7.6205329   2.0145828   0.48710089  4.18993211
 -1.42388142  2.13209682  0.70101456  2.67766779  3.28820538  1.03346614],
20.685591367122143,[-3.09731381  0.26512349  4.14818394  4.99297889  8.27590866  2.39708859
  0.33837489 15.06118378  7.6205329   2.0145828   0.48710089  4.18993211
 -1.42388142  2.13209682  0.70101456  2.67766779  3.28820538  1.03346614],
20.685591329912228,[-3.09731383  0.26512351  4.14818394  4.99297889  8.27590866  2.39708859
  0.33837489 15.06118378  7.6205329   2.0145828   0.48710089  4.18993211
 -1.42388142  2.13209682  0.70101456  2.67766779  3.28820538  1.03346614],
20.685591332689157,[-3.09731383  0.26512349  4.14818396  4.99297889  8.27590866  2.39708859
  0.33837489 15.06118378  7.6205329   2.0145828   0.48710089  4.18993211
 -1.42388142  2.13209682  0.70101456  2.67766779  3.28820538  1.03346614],
20.685591343613332,[-3.09731383  0.26512349  4.14818394  4.99297891  8.27590866  2.39708859
  0.33837489 15.06118378  7.6205329   2.0145828   0.48710089  4.18993211
 -1.42388142  2.13209682  0.70101456  2.67766779  3.28820538  1.03346614],
20.685591345587362,[-3.09731383  0.26512349  4.14818394  4.99297889  8.27590868  2.39708859
  0.33837489 15.06118378  7.6205329   2.0145828   0.48710089  4.18993211
 -1.42388142  2.13209682  0.70101456  2.67766779  3.28820538  1.03346614],
20.685591374324314,[-3.09731383  0.26512349  4.14818394  4.99297889  8.27590866  2.39708861
  0.33837489 15.06118378  7.6205329   2.0145828   0.48710089  4.18993211
 -1.42388142  2.13209682  0.70101456  2.67766779  3.28820538  1.03346614],
20.685591373828856,[-3.09731383  0.26512349  4.14818394  4.99297889  8.27590866  2.39708859
  0.3383749  15.06118378  7.6205329   2.0145828   0.48710089  4.18993211
 -1.42388142  2.13209682  0.70101456  2.67766779  3.28820538  1.03346614],
20.685591291617158,[-3.09731383  0.26512349  4.14818394  4.99297889  8.27590866  2.39708859
  0.33837489 15.06118379  7.6205329   2.0145828   0.48710089  4.18993211
 -1.42388142  2.13209682  0.70101456  2.67766779  3.28820538  1.03346614],
20.685591316567375,[-3.09731383  0.26512349  4.14818394  4.99297889  8.27590866  2.39708859
  0.33837489 15.06118378  7.62053291  2.0145828   0.48710089  4.18993211
 -1.42388142  2.13209682  0.70101456  2.67766779  3.28820538  1.03346614],
20.685591339677785,[-3.09731383  0.26512349  4.14818394  4.99297889  8.27590866  2.39708859
  0.33837489 15.06118378  7.6205329   2.01458282  0.48710089  4.18993211
 -1.42388142  2.13209682  0.70101456  2.67766779  3.28820538  1.03346614],
20.68559141707837,[-3.09731383  0.26512349  4.14818394  4.99297889  8.27590866  2.39708859
  0.33837489 15.06118378  7.6205329   2.0145828   0.48710091  4.18993211
 -1.42388142  2.13209682  0.70101456  2.67766779  3.28820538  1.03346614],
20.685591427603992,[-3.09731383  0.26512349  4.14818394  4.99297889  8.27590866  2.39708859
  0.33837489 15.06118378  7.6205329   2.0145828   0.48710089  4.18993213
 -1.42388142  2.13209682  0.70101456  2.67766779  3.28820538  1.03346614],
20.68559130995887,[-3.09731383  0.26512349  4.14818394  4.99297889  8.27590866  2.39708859
  0.33837489 15.06118378  7.6205329   2.0145828   0.48710089  4.18993211
 -1.4238814   2.13209682  0.70101456  2.67766779  3.28820538  1.03346614],
20.685591410581097,[-3.09731383  0.26512349  4.14818394  4.99297889  8.27590866  2.39708859
  0.33837489 15.06118378  7.6205329   2.0145828   0.48710089  4.18993211
 -1.42388142  2.13209683  0.70101456  2.67766779  3.28820538  1.03346614],
20.685591333482282,[-3.09731383  0.26512349  4.14818394  4.99297889  8.27590866  2.39708859
  0.33837489 15.06118378  7.6205329   2.0145828   0.48710089  4.18993211
 -1.42388142  2.13209682  0.70101458  2.67766779  3.28820538  1.03346614],
20.68559133831174,[-3.09731383  0.26512349  4.14818394  4.99297889  8.27590866  2.39708859
  0.33837489 15.06118378  7.6205329   2.0145828   0.48710089  4.18993211
 -1.42388142  2.13209682  0.70101456  2.6776678   3.28820538  1.03346614],
20.68559128466036,[-3.09731383  0.26512349  4.14818394  4.99297889  8.27590866  2.39708859
  0.33837489 15.06118378  7.6205329   2.0145828   0.48710089  4.18993211
 -1.42388142  2.13209682  0.70101456  2.67766779  3.28820539  1.03346614],
20.68559125118551,[-3.09731383  0.26512349  4.14818394  4.99297889  8.27590866  2.39708859
  0.33837489 15.06118378  7.6205329   2.0145828   0.48710089  4.18993211
 -1.42388142  2.13209682  0.70101456  2.67766779  3.28820538  1.03346616],
20.117060157915933,[-3.09935789  0.27704742  4.15374379  4.99152164  8.2717159   2.38860671
  0.33127715 15.08307612  7.6286043   2.01477023  0.4622068   4.17004959
 -1.40851244  2.10699459  0.71124277  2.68225433  3.30625579  1.06352044],
20.117060157915933,[-3.09935789  0.27704742  4.15374379  4.99152164  8.2717159   2.38860671
  0.33127715 15.08307612  7.6286043   2.01477023  0.4622068   4.17004959
 -1.40851244  2.10699459  0.71124277  2.68225433  3.30625579  1.06352044],
20.11706017693068,[-3.09935788  0.27704742  4.15374379  4.99152164  8.2717159   2.38860671
  0.33127715 15.08307612  7.6286043   2.01477023  0.4622068   4.17004959
 -1.40851244  2.10699459  0.71124277  2.68225433  3.30625579  1.06352044],
20.11706014781377,[-3.09935789  0.27704744  4.15374379  4.99152164  8.2717159   2.38860671
  0.33127715 15.08307612  7.6286043   2.01477023  0.4622068   4.17004959
 -1.40851244  2.10699459  0.71124277  2.68225433  3.30625579  1.06352044],
20.117060147089894,[-3.09935789  0.27704742  4.1537438   4.99152164  8.2717159   2.38860671
  0.33127715 15.08307612  7.6286043   2.01477023  0.4622068   4.17004959
 -1.40851244  2.10699459  0.71124277  2.68225433  3.30625579  1.06352044],
20.117060155606474,[-3.09935789  0.27704742  4.15374379  4.99152166  8.2717159   2.38860671
  0.33127715 15.08307612  7.6286043   2.01477023  0.4622068   4.17004959
 -1.40851244  2.10699459  0.71124277  2.68225433  3.30625579  1.06352044],
20.117060152691842,[-3.09935789  0.27704742  4.15374379  4.99152164  8.27171591  2.38860671
  0.33127715 15.08307612  7.6286043   2.01477023  0.4622068   4.17004959
 -1.40851244  2.10699459  0.71124277  2.68225433  3.30625579  1.06352044],
20.11706017576252,[-3.09935789  0.27704742  4.15374379  4.99152164  8.2717159   2.38860672
  0.33127715 15.08307612  7.6286043   2.01477023  0.4622068   4.17004959
 -1.40851244  2.10699459  0.71124277  2.68225433  3.30625579  1.06352044],
20.117060178998393,[-3.09935789  0.27704742  4.15374379  4.99152164  8.2717159   2.38860671
  0.33127716 15.08307612  7.6286043   2.01477023  0.4622068   4.17004959
 -1.40851244  2.10699459  0.71124277  2.68225433  3.30625579  1.06352044],
20.117060109753346,[-3.09935789  0.27704742  4.15374379  4.99152164  8.2717159   2.38860671
  0.33127715 15.08307614  7.6286043   2.01477023  0.4622068   4.17004959
 -1.40851244  2.10699459  0.71124277  2.68225433  3.30625579  1.06352044],
20.11706014159849,[-3.09935789  0.27704742  4.15374379  4.99152164  8.2717159   2.38860671
  0.33127715 15.08307612  7.62860432  2.01477023  0.4622068   4.17004959
 -1.40851244  2.10699459  0.71124277  2.68225433  3.30625579  1.06352044],
20.117060152561976,[-3.09935789  0.27704742  4.15374379  4.99152164  8.2717159   2.38860671
  0.33127715 15.08307612  7.6286043   2.01477024  0.4622068   4.17004959
 -1.40851244  2.10699459  0.71124277  2.68225433  3.30625579  1.06352044],
20.117060205103513,[-3.09935789  0.27704742  4.15374379  4.99152164  8.2717159   2.38860671
  0.33127715 15.08307612  7.6286043   2.01477023  0.46220681  4.17004959
 -1.40851244  2.10699459  0.71124277  2.68225433  3.30625579  1.06352044],
20.11706021015188,[-3.09935789  0.27704742  4.15374379  4.99152164  8.2717159   2.38860671
  0.33127715 15.08307612  7.6286043   2.01477023  0.4622068   4.17004961
 -1.40851244  2.10699459  0.71124277  2.68225433  3.30625579  1.06352044],
20.117060156654958,[-3.09935789  0.27704742  4.15374379  4.99152164  8.2717159   2.38860671
  0.33127715 15.08307612  7.6286043   2.01477023  0.4622068   4.17004959
 -1.40851242  2.10699459  0.71124277  2.68225433  3.30625579  1.06352044],
20.117060172464146,[-3.09935789  0.27704742  4.15374379  4.99152164  8.2717159   2.38860671
  0.33127715 15.08307612  7.6286043   2.01477023  0.4622068   4.17004959
 -1.40851244  2.10699461  0.71124277  2.68225433  3.30625579  1.06352044],
20.117060129118073,[-3.09935789  0.27704742  4.15374379  4.99152164  8.2717159   2.38860671
  0.33127715 15.08307612  7.6286043   2.01477023  0.4622068   4.17004959
 -1.40851244  2.10699459  0.71124278  2.68225433  3.30625579  1.06352044],
20.117060142948272,[-3.09935789  0.27704742  4.15374379  4.99152164  8.2717159   2.38860671
  0.33127715 15.08307612  7.6286043   2.01477023  0.4622068   4.17004959
 -1.40851244  2.10699459  0.71124277  2.68225434  3.30625579  1.06352044],
20.117060148423242,[-3.09935789  0.27704742  4.15374379  4.99152164  8.2717159   2.38860671
  0.33127715 15.08307612  7.6286043   2.01477023  0.4622068   4.17004959
 -1.40851244  2.10699459  0.71124277  2.68225433  3.30625581  1.06352044],
20.117060149073605,[-3.09935789  0.27704742  4.15374379  4.99152164  8.2717159   2.38860671
  0.33127715 15.08307612  7.6286043   2.01477023  0.4622068   4.17004959
 -1.40851244  2.10699459  0.71124277  2.68225433  3.30625579  1.06352046],
19.98811928751202,[-3.10090771  0.28608817  4.15795928  4.99041675  8.26853693  2.38217572
  0.32589563 15.09967494  7.63472405  2.01491233  0.44333205  4.15497463
 -1.39685965  2.08796204  0.71899781  2.68573185  3.31994165  1.08630767],
19.98811928751202,[-3.10090771  0.28608817  4.15795928  4.99041675  8.26853693  2.38217572
  0.32589563 15.09967494  7.63472405  2.01491233  0.44333205  4.15497463
 -1.39685965  2.08796204  0.71899781  2.68573185  3.31994165  1.08630767],
19.98811930537249,[-3.10090769  0.28608817  4.15795928  4.99041675  8.26853693  2.38217572
  0.32589563 15.09967494  7.63472405  2.01491233  0.44333205  4.15497463
 -1.39685965  2.08796204  0.71899781  2.68573185  3.31994165  1.08630767],
19.988119282442234,[-3.10090771  0.28608818  4.15795928  4.99041675  8.26853693  2.38217572
  0.32589563 15.09967494  7.63472405  2.01491233  0.44333205  4.15497463
 -1.39685965  2.08796204  0.71899781  2.68573185  3.31994165  1.08630767],
19.988119279143366,[-3.10090771  0.28608817  4.15795929  4.99041675  8.26853693  2.38217572
  0.32589563 15.09967494  7.63472405  2.01491233  0.44333205  4.15497463
 -1.39685965  2.08796204  0.71899781  2.68573185  3.31994165  1.08630767],
19.988119285831313,[-3.10090771  0.28608817  4.15795928  4.99041677  8.26853693  2.38217572
  0.32589563 15.09967494  7.63472405  2.01491233  0.44333205  4.15497463
 -1.39685965  2.08796204  0.71899781  2.68573185  3.31994165  1.08630767],
19.988119279360156,[-3.10090771  0.28608817  4.15795928  4.99041675  8.26853695  2.38217572
  0.32589563 15.09967494  7.63472405  2.01491233  0.44333205  4.15497463
 -1.39685965  2.08796204  0.71899781  2.68573185  3.31994165  1.08630767],
19.98811929790783,[-3.10090771  0.28608817  4.15795928  4.99041675  8.26853693  2.38217574
  0.32589563 15.09967494  7.63472405  2.01491233  0.44333205  4.15497463
 -1.39685965  2.08796204  0.71899781  2.68573185  3.31994165  1.08630767],
19.988119303938827,[-3.10090771  0.28608817  4.15795928  4.99041675  8.26853693  2.38217572
  0.32589565 15.09967494  7.63472405  2.01491233  0.44333205  4.15497463
 -1.39685965  2.08796204  0.71899781  2.68573185  3.31994165  1.08630767],
19.988119244586983,[-3.10090771  0.28608817  4.15795928  4.99041675  8.26853693  2.38217572
  0.32589563 15.09967495  7.63472405  2.01491233  0.44333205  4.15497463
 -1.39685965  2.08796204  0.71899781  2.68573185  3.31994165  1.08630767],
19.988119281690537,[-3.10090771  0.28608817  4.15795928  4.99041675  8.26853693  2.38217572
  0.32589563 15.09967494  7.63472407  2.01491233  0.44333205  4.15497463
 -1.39685965  2.08796204  0.71899781  2.68573185  3.31994165  1.08630767],
19.988119283566093,[-3.10090771  0.28608817  4.15795928  4.99041675  8.26853693  2.38217572
  0.32589563 15.09967494  7.63472405  2.01491235  0.44333205  4.15497463
 -1.39685965  2.08796204  0.71899781  2.68573185  3.31994165  1.08630767],
19.988119316985433,[-3.10090771  0.28608817  4.15795928  4.99041675  8.26853693  2.38217572
  0.32589563 15.09967494  7.63472405  2.01491233  0.44333207  4.15497463
 -1.39685965  2.08796204  0.71899781  2.68573185  3.31994165  1.08630767],
19.988119317674364,[-3.10090771  0.28608817  4.15795928  4.99041675  8.26853693  2.38217572
  0.32589563 15.09967494  7.63472405  2.01491233  0.44333205  4.15497465
 -1.39685965  2.08796204  0.71899781  2.68573185  3.31994165  1.08630767],
19.988119312749618,[-3.10090771  0.28608817  4.15795928  4.99041675  8.26853693  2.38217572
  0.32589563 15.09967494  7.63472405  2.01491233  0.44333205  4.15497463
 -1.39685964  2.08796204  0.71899781  2.68573185  3.31994165  1.08630767],
19.988119264962258,[-3.10090771  0.28608817  4.15795928  4.99041675  8.26853693  2.38217572
  0.32589563 15.09967494  7.63472405  2.01491233  0.44333205  4.15497463
 -1.39685965  2.08796205  0.71899781  2.68573185  3.31994165  1.08630767],
19.98811924696401,[-3.10090771  0.28608817  4.15795928  4.99041675  8.26853693  2.38217572
  0.32589563 15.09967494  7.63472405  2.01491233  0.44333205  4.15497463
 -1.39685965  2.08796204  0.71899783  2.68573185  3.31994165  1.08630767],
19.988119267651854,[-3.10090771  0.28608817  4.15795928  4.99041675  8.26853693  2.38217572
  0.32589563 15.09967494  7.63472405  2.01491233  0.44333205  4.15497463
 -1.39685965  2.08796204  0.71899781  2.68573186  3.31994165  1.08630767],
19.98811931695943,[-3.10090771  0.28608817  4.15795928  4.99041675  8.26853693  2.38217572
  0.32589563 15.09967494  7.63472405  2.01491233  0.44333205  4.15497463
 -1.39685965  2.08796204  0.71899781  2.68573185  3.31994166  1.08630767],
19.98811934256046,[-3.10090771  0.28608817  4.15795928  4.99041675  8.26853693  2.38217572
  0.32589563 15.09967494  7.63472405  2.01491233  0.44333205  4.15497463
 -1.39685965  2.08796204  0.71899781  2.68573185  3.31994165  1.08630768],
22.305657212417554,[-3.13692092  0.31697064  4.18321517  4.99080131  8.27563876  2.34793307
  0.28327028 15.2171521   7.65994906  2.02238764  0.34470746  4.06423192
 -1.41449636  2.08301249  0.81093396  2.7299909   3.29957751  1.04152103],
22.305657212417554,[-3.13692092  0.31697064  4.18321517  4.99080131  8.27563876  2.34793307
  0.28327028 15.2171521   7.65994906  2.02238764  0.34470746  4.06423192
 -1.41449636  2.08301249  0.81093396  2.7299909   3.29957751  1.04152103],
22.305657165674756,[-3.1369209   0.31697064  4.18321517  4.99080131  8.27563876  2.34793307
  0.28327028 15.2171521   7.65994906  2.02238764  0.34470746  4.06423192
 -1.41449636  2.08301249  0.81093396  2.7299909   3.29957751  1.04152103],
22.30565718407326,[-3.13692092  0.31697066  4.18321517  4.99080131  8.27563876  2.34793307
  0.28327028 15.2171521   7.65994906  2.02238764  0.34470746  4.06423192
 -1.41449636  2.08301249  0.81093396  2.7299909   3.29957751  1.04152103],
22.30565723021594,[-3.13692092  0.31697064  4.18321518  4.99080131  8.27563876  2.34793307
  0.28327028 15.2171521   7.65994906  2.02238764  0.34470746  4.06423192
 -1.41449636  2.08301249  0.81093396  2.7299909   3.29957751  1.04152103],
22.305657238524827,[-3.13692092  0.31697064  4.18321517  4.99080132  8.27563876  2.34793307
  0.28327028 15.2171521   7.65994906  2.02238764  0.34470746  4.06423192
 -1.41449636  2.08301249  0.81093396  2.7299909   3.29957751  1.04152103],
22.30565723127409,[-3.13692092  0.31697064  4.18321517  4.99080131  8.27563877  2.34793307
  0.28327028 15.2171521   7.65994906  2.02238764  0.34470746  4.06423192
 -1.41449636  2.08301249  0.81093396  2.7299909   3.29957751  1.04152103],
22.30565714761842,[-3.13692092  0.31697064  4.18321517  4.99080131  8.27563876  2.34793308
  0.28327028 15.2171521   7.65994906  2.02238764  0.34470746  4.06423192
 -1.41449636  2.08301249  0.81093396  2.7299909   3.29957751  1.04152103],
22.30565722548036,[-3.13692092  0.31697064  4.18321517  4.99080131  8.27563876  2.34793307
  0.2832703  15.2171521   7.65994906  2.02238764  0.34470746  4.06423192
 -1.41449636  2.08301249  0.81093396  2.7299909   3.29957751  1.04152103],
22.305657274093797,[-3.13692092  0.31697064  4.18321517  4.99080131  8.27563876  2.34793307
  0.28327028 15.21715212  7.65994906  2.02238764  0.34470746  4.06423192
 -1.41449636  2.08301249  0.81093396  2.7299909   3.29957751  1.04152103],
22.30565731615237,[-3.13692092  0.31697064  4.18321517  4.99080131  8.27563876  2.34793307
  0.28327028 15.2171521   7.65994907  2.02238764  0.34470746  4.06423192
 -1.41449636  2.08301249  0.81093396  2.7299909   3.29957751  1.04152103],
22.30565723590047,[-3.13692092  0.31697064  4.18321517  4.99080131  8.27563876  2.34793307
  0.28327028 15.2171521   7.65994906  2.02238765  0.34470746  4.06423192
 -1.41449636  2.08301249  0.81093396  2.7299909   3.29957751  1.04152103],
22.305656992162223,[-3.13692092  0.31697064  4.18321517  4.99080131  8.27563876  2.34793307
  0.28327028 15.2171521   7.65994906  2.02238764  0.34470747  4.06423192
 -1.41449636  2.08301249  0.81093396  2.7299909   3.29957751  1.04152103],
22.305656936089562,[-3.13692092  0.31697064  4.18321517  4.99080131  8.27563876  2.34793307
  0.28327028 15.2171521   7.65994906  2.02238764  0.34470746  4.06423194
 -1.41449636  2.08301249  0.81093396  2.7299909   3.29957751  1.04152103],
22.30565716540214,[-3.13692092  0.31697064  4.18321517  4.99080131  8.27563876  2.34793307
  0.28327028 15.2171521   7.65994906  2.02238764  0.34470746  4.06423192
 -1.41449634  2.08301249  0.81093396  2.7299909   3.29957751  1.04152103],
22.305657311842566,[-3.13692092  0.31697064  4.18321517  4.99080131  8.27563876  2.34793307
  0.28327028 15.2171521   7.65994906  2.02238764  0.34470746  4.06423192
 -1.41449636  2.08301251  0.81093396  2.7299909   3.29957751  1.04152103],
22.305657342138915,[-3.13692092  0.31697064  4.18321517  4.99080131  8.27563876  2.34793307
  0.28327028 15.2171521   7.65994906  2.02238764  0.34470746  4.06423192
 -1.41449636  2.08301249  0.81093397  2.7299909   3.29957751  1.04152103],
22.305657256704354,[-3.13692092  0.31697064  4.18321517  4.99080131  8.27563876  2.34793307
  0.28327028 15.2171521   7.65994906  2.02238764  0.34470746  4.06423192
 -1.41449636  2.08301249  0.81093396  2.72999091  3.29957751  1.04152103],
22.305657011645515,[-3.13692092  0.31697064  4.18321517  4.99080131  8.27563876  2.34793307
  0.28327028 15.2171521   7.65994906  2.02238764  0.34470746  4.06423192
 -1.41449636  2.08301249  0.81093396  2.7299909   3.29957753  1.04152103],
22.305656947429668,[-3.13692092  0.31697064  4.18321517  4.99080131  8.27563876  2.34793307
  0.28327028 15.2171521   7.65994906  2.02238764  0.34470746  4.06423192
 -1.41449636  2.08301249  0.81093396  2.7299909   3.29957751  1.04152104],
19.854930228022738,[-3.10771638  0.29192682  4.16273417  4.99048946  8.26987961  2.37570179
  0.31783687 15.12188522  7.6394931   2.01632562  0.42468604  4.13781877
 -1.40019405  2.08702627  0.7363793   2.69409948  3.3160916   1.07784028],
19.854930228022738,[-3.10771638  0.29192682  4.16273417  4.99048946  8.26987961  2.37570179
  0.31783687 15.12188522  7.6394931   2.01632562  0.42468604  4.13781877
 -1.40019405  2.08702627  0.7363793   2.69409948  3.3160916   1.07784028],
19.854930233710252,[-3.10771636  0.29192682  4.16273417  4.99048946  8.26987961  2.37570179
  0.31783687 15.12188522  7.6394931   2.01632562  0.42468604  4.13781877
 -1.40019405  2.08702627  0.7363793   2.69409948  3.3160916   1.07784028],
19.854930218596277,[-3.10771638  0.29192684  4.16273417  4.99048946  8.26987961  2.37570179
  0.31783687 15.12188522  7.6394931   2.01632562  0.42468604  4.13781877
 -1.40019405  2.08702627  0.7363793   2.69409948  3.3160916   1.07784028],
19.854930224664336,[-3.10771638  0.29192682  4.16273418  4.99048946  8.26987961  2.37570179
  0.31783687 15.12188522  7.6394931   2.01632562  0.42468604  4.13781877
 -1.40019405  2.08702627  0.7363793   2.69409948  3.3160916   1.07784028],
19.854930231720886,[-3.10771638  0.29192682  4.16273417  4.99048947  8.26987961  2.37570179
  0.31783687 15.12188522  7.6394931   2.01632562  0.42468604  4.13781877
 -1.40019405  2.08702627  0.7363793   2.69409948  3.3160916   1.07784028],
19.85493022509106,[-3.10771638  0.29192682  4.16273417  4.99048946  8.26987962  2.37570179
  0.31783687 15.12188522  7.6394931   2.01632562  0.42468604  4.13781877
 -1.40019405  2.08702627  0.7363793   2.69409948  3.3160916   1.07784028],
19.85493022430818,[-3.10771638  0.29192682  4.16273417  4.99048946  8.26987961  2.37570181
  0.31783687 15.12188522  7.6394931   2.01632562  0.42468604  4.13781877
 -1.40019405  2.08702627  0.7363793   2.69409948  3.3160916   1.07784028],
19.85493024378151,[-3.10771638  0.29192682  4.16273417  4.99048946  8.26987961  2.37570179
  0.31783688 15.12188522  7.6394931   2.01632562  0.42468604  4.13781877
 -1.40019405  2.08702627  0.7363793   2.69409948  3.3160916   1.07784028],
19.854930205012046,[-3.10771638  0.29192682  4.16273417  4.99048946  8.26987961  2.37570179
  0.31783687 15.12188524  7.6394931   2.01632562  0.42468604  4.13781877
 -1.40019405  2.08702627  0.7363793   2.69409948  3.3160916   1.07784028],
19.854930243308388,[-3.10771638  0.29192682  4.16273417  4.99048946  8.26987961  2.37570179
  0.31783687 15.12188522  7.63949312  2.01632562  0.42468604  4.13781877
 -1.40019405  2.08702627  0.7363793   2.69409948  3.3160916   1.07784028],
19.854930229339573,[-3.10771638  0.29192682  4.16273417  4.99048946  8.26987961  2.37570179
  0.31783687 15.12188522  7.6394931   2.01632563  0.42468604  4.13781877
 -1.40019405  2.08702627  0.7363793   2.69409948  3.3160916   1.07784028],
19.85493021074535,[-3.10771638  0.29192682  4.16273417  4.99048946  8.26987961  2.37570179
  0.31783687 15.12188522  7.6394931   2.01632562  0.42468606  4.13781877
 -1.40019405  2.08702627  0.7363793   2.69409948  3.3160916   1.07784028],
19.854930200746594,[-3.10771638  0.29192682  4.16273417  4.99048946  8.26987961  2.37570179
  0.31783687 15.12188522  7.6394931   2.01632562  0.42468604  4.13781879
 -1.40019405  2.08702627  0.7363793   2.69409948  3.3160916   1.07784028],
19.85493023946848,[-3.10771638  0.29192682  4.16273417  4.99048946  8.26987961  2.37570179
  0.31783687 15.12188522  7.6394931   2.01632562  0.42468604  4.13781877
 -1.40019404  2.08702627  0.7363793   2.69409948  3.3160916   1.07784028],
19.854930228321592,[-3.10771638  0.29192682  4.16273417  4.99048946  8.26987961  2.37570179
  0.31783687 15.12188522  7.6394931   2.01632562  0.42468604  4.13781877
 -1.40019405  2.08702629  0.7363793   2.69409948  3.3160916   1.07784028],
19.85493022042533,[-3.10771638  0.29192682  4.16273417  4.99048946  8.26987961  2.37570179
  0.31783687 15.12188522  7.6394931   2.01632562  0.42468604  4.13781877
 -1.40019405  2.08702627  0.73637931  2.69409948  3.3160916   1.07784028],
19.854930220690648,[-3.10771638  0.29192682  4.16273417  4.99048946  8.26987961  2.37570179
  0.31783687 15.12188522  7.6394931   2.01632562  0.42468604  4.13781877
 -1.40019405  2.08702627  0.7363793   2.6940995   3.3160916   1.07784028],
19.854930214500644,[-3.10771638  0.29192682  4.16273417  4.99048946  8.26987961  2.37570179
  0.31783687 15.12188522  7.6394931   2.01632562  0.42468604  4.13781877
 -1.40019405  2.08702627  0.7363793   2.69409948  3.31609161  1.07784028],
19.85493022302238,[-3.10771638  0.29192682  4.16273417  4.99048946  8.26987961  2.37570179
  0.31783687 15.12188522  7.6394931   2.01632562  0.42468604  4.13781877
 -1.40019405  2.08702627  0.7363793   2.69409948  3.3160916   1.0778403 ],
19.595951509704513,[-3.12301587  0.31186525  4.17251902  4.98501883  8.27560974  2.37482766
  0.28619821 15.17847446  7.62132753  2.01575813  0.43202908  4.16163117
 -1.42066729  2.08564723  0.7650616   2.71341515  3.33252829  1.07690985],
19.595951509704513,[-3.12301587  0.31186525  4.17251902  4.98501883  8.27560974  2.37482766
  0.28619821 15.17847446  7.62132753  2.01575813  0.43202908  4.16163117
 -1.42066729  2.08564723  0.7650616   2.71341515  3.33252829  1.07690985],
19.59595151459826,[-3.12301586  0.31186525  4.17251902  4.98501883  8.27560974  2.37482766
  0.28619821 15.17847446  7.62132753  2.01575813  0.43202908  4.16163117
 -1.42066729  2.08564723  0.7650616   2.71341515  3.33252829  1.07690985],
19.595951498853836,[-3.12301587  0.31186526  4.17251902  4.98501883  8.27560974  2.37482766
  0.28619821 15.17847446  7.62132753  2.01575813  0.43202908  4.16163117
 -1.42066729  2.08564723  0.7650616   2.71341515  3.33252829  1.07690985],
19.595951505789937,[-3.12301587  0.31186525  4.17251903  4.98501883  8.27560974  2.37482766
  0.28619821 15.17847446  7.62132753  2.01575813  0.43202908  4.16163117
 -1.42066729  2.08564723  0.7650616   2.71341515  3.33252829  1.07690985],
19.595951513478866,[-3.12301587  0.31186525  4.17251902  4.98501885  8.27560974  2.37482766
  0.28619821 15.17847446  7.62132753  2.01575813  0.43202908  4.16163117
 -1.42066729  2.08564723  0.7650616   2.71341515  3.33252829  1.07690985],
19.59595150785921,[-3.12301587  0.31186525  4.17251902  4.98501883  8.27560975  2.37482766
  0.28619821 15.17847446  7.62132753  2.01575813  0.43202908  4.16163117
 -1.42066729  2.08564723  0.7650616   2.71341515  3.33252829  1.07690985],
19.59595150732927,[-3.12301587  0.31186525  4.17251902  4.98501883  8.27560974  2.37482767
  0.28619821 15.17847446  7.62132753  2.01575813  0.43202908  4.16163117
 -1.42066729  2.08564723  0.7650616   2.71341515  3.33252829  1.07690985],
19.595951525230983,[-3.12301587  0.31186525  4.17251902  4.98501883  8.27560974  2.37482766
  0.28619822 15.17847446  7.62132753  2.01575813  0.43202908  4.16163117
 -1.42066729  2.08564723  0.7650616   2.71341515  3.33252829  1.07690985],
19.59595148634141,[-3.12301587  0.31186525  4.17251902  4.98501883  8.27560974  2.37482766
  0.28619821 15.17847447  7.62132753  2.01575813  0.43202908  4.16163117
 -1.42066729  2.08564723  0.7650616   2.71341515  3.33252829  1.07690985],
19.595951522436966,[-3.12301587  0.31186525  4.17251902  4.98501883  8.27560974  2.37482766
  0.28619821 15.17847446  7.62132754  2.01575813  0.43202908  4.16163117
 -1.42066729  2.08564723  0.7650616   2.71341515  3.33252829  1.07690985],
19.595951510909313,[-3.12301587  0.31186525  4.17251902  4.98501883  8.27560974  2.37482766
  0.28619821 15.17847446  7.62132753  2.01575814  0.43202908  4.16163117
 -1.42066729  2.08564723  0.7650616   2.71341515  3.33252829  1.07690985],
19.59595149643378,[-3.12301587  0.31186525  4.17251902  4.98501883  8.27560974  2.37482766
  0.28619821 15.17847446  7.62132753  2.01575813  0.43202909  4.16163117
 -1.42066729  2.08564723  0.7650616   2.71341515  3.33252829  1.07690985],
19.59595148627041,[-3.12301587  0.31186525  4.17251902  4.98501883  8.27560974  2.37482766
  0.28619821 15.17847446  7.62132753  2.01575813  0.43202908  4.16163118
 -1.42066729  2.08564723  0.7650616   2.71341515  3.33252829  1.07690985],
19.595951515192965,[-3.12301587  0.31186525  4.17251902  4.98501883  8.27560974  2.37482766
  0.28619821 15.17847446  7.62132753  2.01575813  0.43202908  4.16163117
 -1.42066728  2.08564723  0.7650616   2.71341515  3.33252829  1.07690985],
