33.508488685841165,[-3.24106489  0.09558736  4.13198922  5.0663548   8.4029325   2.35659839
  0.27682368 14.99360004  7.703643    2.07966659  0.46480476  3.92095302
 -1.49030414  2.21241307  0.55856359  2.63551928  3.37138648  1.10842996],
33.50848868273994,[-3.24106488  0.09558736  4.13198922  5.0663548   8.4029325   2.35659839
  0.27682368 14.99360004  7.703643    2.07966659  0.46480476  3.92095302
 -1.49030414  2.21241307  0.55856359  2.63551928  3.37138648  1.10842996],
33.50848873424787,[-3.24106489  0.09558737  4.13198922  5.0663548   8.4029325   2.35659839
  0.27682368 14.99360004  7.703643    2.07966659  0.46480476  3.92095302
 -1.49030414  2.21241307  0.55856359  2.63551928  3.37138648  1.10842996],
33.508488692132325,[-3.24106489  0.09558736  4.13198923  5.0663548   8.4029325   2.35659839
  0.27682368 14.99360004  7.703643    2.07966659  0.46480476  3.92095302
 -1.49030414  2.21241307  0.55856359  2.63551928  3.37138648  1.10842996],
33.508486201009624,[-3.24106489  0.09558736  4.13198922  5.06635481  8.4029325   2.35659839
  0.27682368 14.99360004  7.703643    2.07966659  0.46480476  3.92095302
 -1.49030414  2.21241307  0.55856359  2.63551928  3.37138648  1.10842996],
33.508488603509605,[-3.24106489  0.09558736  4.13198922  5.0663548   8.40293251  2.35659839
  0.27682368 14.99360004  7.703643    2.07966659  0.46480476  3.92095302
 -1.49030414  2.21241307  0.55856359  2.63551928  3.37138648  1.10842996],
33.50848860054433,[-3.24106489  0.09558736  4.13198922  5.0663548   8.4029325   2.3565984
  0.27682368 14.99360004  7.703643    2.07966659  0.46480476  3.92095302
 -1.49030414  2.21241307  0.55856359  2.63551928  3.37138648  1.10842996],
33.508488650955336,[-3.24106489  0.09558736  4.13198922  5.0663548   8.4029325   2.35659839
  0.27682369 14.99360004  7.703643    2.07966659  0.46480476  3.92095302
 -1.49030414  2.21241307  0.55856359  2.63551928  3.37138648  1.10842996],
33.50848870349912,[-3.24106489  0.09558736  4.13198922  5.0663548   8.4029325   2.35659839
  0.27682368 14.99360005  7.703643    2.07966659  0.46480476  3.92095302
 -1.49030414  2.21241307  0.55856359  2.63551928  3.37138648  1.10842996],
33.50848879264327,[-3.24106489  0.09558736  4.13198922  5.0663548   8.4029325   2.35659839
  0.27682368 14.99360004  7.70364301  2.07966659  0.46480476  3.92095302
 -1.49030414  2.21241307  0.55856359  2.63551928  3.37138648  1.10842996],
33.508488682464325,[-3.24106489  0.09558736  4.13198922  5.0663548   8.4029325   2.35659839
  0.27682368 14.99360004  7.703643    2.0796666   0.46480476  3.92095302
 -1.49030414  2.21241307  0.55856359  2.63551928  3.37138648  1.10842996],
33.50848846344237,[-3.24106489  0.09558736  4.13198922  5.0663548   8.4029325   2.35659839
  0.27682368 14.99360004  7.703643    2.07966659  0.46480477  3.92095302
 -1.49030414  2.21241307  0.55856359  2.63551928  3.37138648  1.10842996],
33.50848846018648,[-3.24106489  0.09558736  4.13198922  5.0663548   8.4029325   2.35659839
  0.27682368 14.99360004  7.703643    2.07966659  0.46480476  3.92095303
 -1.49030414  2.21241307  0.55856359  2.63551928  3.37138648  1.10842996],
33.508486492717566,[-3.24106489  0.09558736  4.13198922  5.0663548   8.4029325   2.35659839
  0.27682368 14.99360004  7.703643    2.07966659  0.46480476  3.92095302
 -1.49030413  2.21241307  0.55856359  2.63551928  3.37138648  1.10842996],
33.50848795146025,[-3.24106489  0.09558736  4.13198922  5.0663548   8.4029325   2.35659839
  0.27682368 14.99360004  7.703643    2.07966659  0.46480476  3.92095302
 -1.49030414  2.21241308  0.55856359  2.63551928  3.37138648  1.10842996],
33.50848845946727,[-3.24106489  0.09558736  4.13198922  5.0663548   8.4029325   2.35659839
  0.27682368 14.99360004  7.703643    2.07966659  0.46480476  3.92095302
 -1.49030414  2.21241307  0.5585636   2.63551928  3.37138648  1.10842996],
33.50848860315923,[-3.24106489  0.09558736  4.13198922  5.0663548   8.4029325   2.35659839
  0.27682368 14.99360004  7.703643    2.07966659  0.46480476  3.92095302
 -1.49030414  2.21241307  0.55856359  2.63551929  3.37138648  1.10842996],
33.50848690058448,[-3.24106489  0.09558736  4.13198922  5.0663548   8.4029325   2.35659839
  0.27682368 14.99360004  7.703643    2.07966659  0.46480476  3.92095302
 -1.49030414  2.21241307  0.55856359  2.63551928  3.37138649  1.10842996],
33.508489835782505,[-3.24106489  0.09558736  4.13198922  5.0663548   8.4029325   2.35659839
  0.27682368 14.99360004  7.703643    2.07966659  0.46480476  3.92095302
 -1.49030414  2.21241307  0.55856359  2.63551928  3.37138648  1.10842997],
33.508488685841165,[-3.24106489  0.09558736  4.13198922  5.0663548   8.4029325   2.35659839
  0.27682368 14.99360004  7.703643    2.07966659  0.46480476  3.92095302
 -1.49030414  2.21241307  0.55856359  2.63551928  3.37138648  1.10842996],
36.622113615002434,[-3.24028718  0.08344816  4.13041155  5.68948877  8.42357921  2.37798872
  0.28557218 14.98917186  7.67685969  2.08051342  0.52057685  3.97754161
 -0.94032327  2.39657754  0.61533253  2.65625385  3.81908447  0.82005326],
36.622113615002434,[-3.24028718  0.08344816  4.13041155  5.68948877  8.42357921  2.37798872
  0.28557218 14.98917186  7.67685969  2.08051342  0.52057685  3.97754161
 -0.94032327  2.39657754  0.61533253  2.65625385  3.81908447  0.82005326],
36.62211361363895,[-3.24028716  0.08344816  4.13041155  5.68948877  8.42357921  2.37798872
  0.28557218 14.98917186  7.67685969  2.08051342  0.52057685  3.97754161
 -0.94032327  2.39657754  0.61533253  2.65625385  3.81908447  0.82005326],
36.62211366731463,[-3.24028718  0.08344818  4.13041155  5.68948877  8.42357921  2.37798872
  0.28557218 14.98917186  7.67685969  2.08051342  0.52057685  3.97754161
 -0.94032327  2.39657754  0.61533253  2.65625385  3.81908447  0.82005326],
36.62211362623181,[-3.24028718  0.08344816  4.13041157  5.68948877  8.42357921  2.37798872
  0.28557218 14.98917186  7.67685969  2.08051342  0.52057685  3.97754161
 -0.94032327  2.39657754  0.61533253  2.65625385  3.81908447  0.82005326],
36.62211361254714,[-3.24028718  0.08344816  4.13041155  5.68948879  8.42357921  2.37798872
  0.28557218 14.98917186  7.67685969  2.08051342  0.52057685  3.97754161
 -0.94032327  2.39657754  0.61533253  2.65625385  3.81908447  0.82005326],
36.62211353821755,[-3.24028718  0.08344816  4.13041155  5.68948877  8.42357922  2.37798872
  0.28557218 14.98917186  7.67685969  2.08051342  0.52057685  3.97754161
 -0.94032327  2.39657754  0.61533253  2.65625385  3.81908447  0.82005326],
36.62211353925999,[-3.24028718  0.08344816  4.13041155  5.68948877  8.42357921  2.37798873
  0.28557218 14.98917186  7.67685969  2.08051342  0.52057685  3.97754161
 -0.94032327  2.39657754  0.61533253  2.65625385  3.81908447  0.82005326],
36.62211357129238,[-3.24028718  0.08344816  4.13041155  5.68948877  8.42357921  2.37798872
  0.28557219 14.98917186  7.67685969  2.08051342  0.52057685  3.97754161
 -0.94032327  2.39657754  0.61533253  2.65625385  3.81908447  0.82005326],
36.62211362634878,[-3.24028718  0.08344816  4.13041155  5.68948877  8.42357921  2.37798872
  0.28557218 14.98917188  7.67685969  2.08051342  0.52057685  3.97754161
 -0.94032327  2.39657754  0.61533253  2.65625385  3.81908447  0.82005326],
36.622113700789725,[-3.24028718  0.08344816  4.13041155  5.68948877  8.42357921  2.37798872
  0.28557218 14.98917186  7.6768597   2.08051342  0.52057685  3.97754161
 -0.94032327  2.39657754  0.61533253  2.65625385  3.81908447  0.82005326],
36.62211361302717,[-3.24028718  0.08344816  4.13041155  5.68948877  8.42357921  2.37798872
  0.28557218 14.98917186  7.67685969  2.08051343  0.52057685  3.97754161
 -0.94032327  2.39657754  0.61533253  2.65625385  3.81908447  0.82005326],
36.622113431050344,[-3.24028718  0.08344816  4.13041155  5.68948877  8.42357921  2.37798872
  0.28557218 14.98917186  7.67685969  2.08051342  0.52057686  3.97754161
 -0.94032327  2.39657754  0.61533253  2.65625385  3.81908447  0.82005326],
36.62211341331989,[-3.24028718  0.08344816  4.13041155  5.68948877  8.42357921  2.37798872
  0.28557218 14.98917186  7.67685969  2.08051342  0.52057685  3.97754162
 -0.94032327  2.39657754  0.61533253  2.65625385  3.81908447  0.82005326],
36.62211408442669,[-3.24028718  0.08344816  4.13041155  5.68948877  8.42357921  2.37798872
  0.28557218 14.98917186  7.67685969  2.08051342  0.52057685  3.97754161
 -0.94032325  2.39657754  0.61533253  2.65625385  3.81908447  0.82005326],
36.62211280212777,[-3.24028718  0.08344816  4.13041155  5.68948877  8.42357921  2.37798872
  0.28557218 14.98917186  7.67685969  2.08051342  0.52057685  3.97754161
 -0.94032327  2.39657756  0.61533253  2.65625385  3.81908447  0.82005326],
36.62211333407216,[-3.24028718  0.08344816  4.13041155  5.68948877  8.42357921  2.37798872
  0.28557218 14.98917186  7.67685969  2.08051342  0.52057685  3.97754161
 -0.94032327  2.39657754  0.61533255  2.65625385  3.81908447  0.82005326],
36.62211351138115,[-3.24028718  0.08344816  4.13041155  5.68948877  8.42357921  2.37798872
  0.28557218 14.98917186  7.67685969  2.08051342  0.52057685  3.97754161
 -0.94032327  2.39657754  0.61533253  2.65625387  3.81908447  0.82005326],
36.622114412629976,[-3.24028718  0.08344816  4.13041155  5.68948877  8.42357921  2.37798872
  0.28557218 14.98917186  7.67685969  2.08051342  0.52057685  3.97754161
 -0.94032327  2.39657754  0.61533253  2.65625385  3.81908449  0.82005326],
36.62211488833034,[-3.24028718  0.08344816  4.13041155  5.68948877  8.42357921  2.37798872
  0.28557218 14.98917186  7.67685969  2.08051342  0.52057685  3.97754161
 -0.94032327  2.39657754  0.61533253  2.65625385  3.81908447  0.82005328],
34.463805205772864,[-3.24080988  0.09160686  4.1314719   5.2706831   8.40970264  2.36361237
  0.27969235 14.99214802  7.69486064  2.07994427  0.48309267  3.93950866
 -1.30996305  2.27280139  0.57717837  2.64231824  3.51818857  1.01387   ],
34.463805205772864,[-3.24080988  0.09160686  4.1314719   5.2706831   8.40970264  2.36361237
  0.27969235 14.99214802  7.69486064  2.07994427  0.48309267  3.93950866
 -1.30996305  2.27280139  0.57717837  2.64231824  3.51818857  1.01387   ],
34.46380522694151,[-3.24080986  0.09160686  4.1314719   5.2706831   8.40970264  2.36361237
  0.27969235 14.99214802  7.69486064  2.07994427  0.48309267  3.93950866
 -1.30996305  2.27280139  0.57717837  2.64231824  3.51818857  1.01387   ],
34.46380527442147,[-3.24080988  0.09160688  4.1314719   5.2706831   8.40970264  2.36361237
  0.27969235 14.99214802  7.69486064  2.07994427  0.48309267  3.93950866
 -1.30996305  2.27280139  0.57717837  2.64231824  3.51818857  1.01387   ],
34.463805228876666,[-3.24080988  0.09160686  4.13147191  5.2706831   8.40970264  2.36361237
  0.27969235 14.99214802  7.69486064  2.07994427  0.48309267  3.93950866
 -1.30996305  2.27280139  0.57717837  2.64231824  3.51818857  1.01387   ],
34.46380521859112,[-3.24080988  0.09160686  4.1314719   5.27068312  8.40970264  2.36361237
  0.27969235 14.99214802  7.69486064  2.07994427  0.48309267  3.93950866
 -1.30996305  2.27280139  0.57717837  2.64231824  3.51818857  1.01387   ],
34.46380514906337,[-3.24080988  0.09160686  4.1314719   5.2706831   8.40970266  2.36361237
  0.27969235 14.99214802  7.69486064  2.07994427  0.48309267  3.93950866
 -1.30996305  2.27280139  0.57717837  2.64231824  3.51818857  1.01387   ],
34.463805132947435,[-3.24080988  0.09160686  4.1314719   5.2706831   8.40970264  2.36361238
  0.27969235 14.99214802  7.69486064  2.07994427  0.48309267  3.93950866
 -1.30996305  2.27280139  0.57717837  2.64231824  3.51818857  1.01387   ],
34.463805183287555,[-3.24080988  0.09160686  4.1314719   5.2706831   8.40970264  2.36361237
  0.27969237 14.99214802  7.69486064  2.07994427  0.48309267  3.93950866
 -1.30996305  2.27280139  0.57717837  2.64231824  3.51818857  1.01387   ],
34.46380523248843,[-3.24080988  0.09160686  4.1314719   5.2706831   8.40970264  2.36361237
  0.27969235 14.99214804  7.69486064  2.07994427  0.48309267  3.93950866
 -1.30996305  2.27280139  0.57717837  2.64231824  3.51818857  1.01387   ],
34.46380532777443,[-3.24080988  0.09160686  4.1314719   5.2706831   8.40970264  2.36361237
  0.27969235 14.99214802  7.69486065  2.07994427  0.48309267  3.93950866
 -1.30996305  2.27280139  0.57717837  2.64231824  3.51818857  1.01387   ],
34.463805201607116,[-3.24080988  0.09160686  4.1314719   5.2706831   8.40970264  2.36361237
  0.27969235 14.99214802  7.69486064  2.07994428  0.48309267  3.93950866
 -1.30996305  2.27280139  0.57717837  2.64231824  3.51818857  1.01387   ],
34.463805001297736,[-3.24080988  0.09160686  4.1314719   5.2706831   8.40970264  2.36361237
  0.27969235 14.99214802  7.69486064  2.07994427  0.48309268  3.93950866
 -1.30996305  2.27280139  0.57717837  2.64231824  3.51818857  1.01387   ],
34.46380500250824,[-3.24080988  0.09160686  4.1314719   5.2706831   8.40970264  2.36361237
  0.27969235 14.99214802  7.69486064  2.07994427  0.48309267  3.93950867
 -1.30996305  2.27280139  0.57717837  2.64231824  3.51818857  1.01387   ],
