3875.2797624564478,[1. 1. 1. 1. 1. 1. 1. 1. 1. 1. 1. 1. 1. 1. 1. 1. 1. 1.]3875.2797645089227,[1.00000001 1.         1.         1.         1.         1.
 1.         1.         1.         1.         1.         1.
 1.         1.         1.         1.         1.         1.        ]3875.279760962768,[1.         1.00000001 1.         1.         1.         1.
 1.         1.         1.         1.         1.         1.
 1.         1.         1.         1.         1.         1.        ]3875.279756620074,[1.         1.         1.00000001 1.         1.         1.
 1.         1.         1.         1.         1.         1.
 1.         1.         1.         1.         1.         1.        ]3875.2797588969897,[1.         1.         1.         1.00000001 1.         1.
 1.         1.         1.         1.         1.         1.
 1.         1.         1.         1.         1.         1.        ]3875.279764597031,[1.         1.         1.         1.         1.00000001 1.
 1.         1.         1.         1.         1.         1.
 1.         1.         1.         1.         1.         1.        ]3875.2797692464774,[1.         1.         1.         1.         1.         1.00000001
 1.         1.         1.         1.         1.         1.
 1.         1.         1.         1.         1.         1.        ]3875.279765464934,[1.         1.         1.         1.         1.         1.
 1.00000001 1.         1.         1.         1.         1.
 1.         1.         1.         1.         1.         1.        ]3875.279747004639,[1.         1.         1.         1.         1.         1.
 1.         1.00000001 1.         1.         1.         1.
 1.         1.         1.         1.         1.         1.        ]3875.2797457713796,[1.         1.         1.         1.         1.         1.
 1.         1.         1.00000001 1.         1.         1.
 1.         1.         1.         1.         1.         1.        ]3875.279759878744,[1.         1.         1.         1.         1.         1.
 1.         1.         1.         1.00000001 1.         1.
 1.         1.         1.         1.         1.         1.        ]3875.279779523578,[1.         1.         1.         1.         1.         1.
 1.         1.         1.         1.         1.00000001 1.
 1.         1.         1.         1.         1.         1.        ]3875.2797829110746,[1.         1.         1.         1.         1.         1.
 1.         1.         1.         1.         1.         1.00000001
 1.         1.         1.         1.         1.         1.        ]3875.2797636701816,[1.         1.         1.         1.         1.         1.
 1.         1.         1.         1.         1.         1.
 1.00000001 1.         1.         1.         1.         1.        ]3875.279754744241,[1.         1.         1.         1.         1.         1.
 1.         1.         1.         1.         1.         1.
 1.         1.00000001 1.         1.         1.         1.        ]3875.2797504542477,[1.         1.         1.         1.         1.         1.
 1.         1.         1.         1.         1.         1.
 1.         1.         1.00000001 1.         1.         1.        ]3875.279760897727,[1.         1.         1.         1.         1.         1.
 1.         1.         1.         1.         1.         1.
 1.         1.         1.         1.00000001 1.         1.        ]3875.2797727465268,[1.         1.         1.         1.         1.         1.
 1.         1.         1.         1.         1.         1.
 1.         1.         1.         1.         1.00000001 1.        ]3875.27977441638,[1.         1.         1.         1.         1.         1.
 1.         1.         1.         1.         1.         1.
 1.         1.         1.         1.         1.         1.00000001]3875.2797624564478,[1. 1. 1. 1. 1. 1. 1. 1. 1. 1. 1. 1. 1. 1. 1. 1. 1. 1.]1861.4312425235523,[0.95117617 1.03553134 1.13883441 1.08467162 0.94908027 0.83848024
 0.92843478 1.3675643  1.39690081 1.06131787 0.59401078 0.51342974
 0.97112796 1.18345631 1.28550575 1.03707851 0.75522182 0.71549971]